image_width: 800
image_height: 600
camera_name: 00b09d0100990bb2
camera_matrix:
  rows: 3
  cols: 3
  data: [1454.03, 0, 469.791, 0, 1458.92, 180.359, 0, 0, 1]
distortion_coefficients:
  rows: 1
  cols: 5
  data: [-0.0118792, -1.61905, -0.0128177, -0.00135465, 0]
rectification_matrix:
  rows: 3
  cols: 3
  data: [1, 0, 0, 0, 1, 0, 0, 0, 1]
projection_matrix:
  rows: 3
  cols: 4
  data: [1454.03, 0, 469.791, 0, 0, 1458.92, 180.359, 0, 0, 0, 1, 0]
