image_width: 800
image_height: 600
camera_name: 00b09d0100990bb0
camera_matrix:
  rows: 3
  cols: 3
  data: [530.765, 0, 393.389, 0, 530.608, 331.092, 0, 0, 1]
distortion_coefficients:
  rows: 1
  cols: 5
  data: [-0.315254, 0.0957575, -0.00200027, -0.000314752, 0]
rectification_matrix:
  rows: 3
  cols: 3
  data: [1, 0, 0, 0, 1, 0, 0, 0, 1]
projection_matrix:
  rows: 3
  cols: 4
  data: [530.765, 0, 393.389, 0, 0, 530.608, 331.092, 0, 0, 0, 1, 0]