image_width: 800
image_height: 600
camera_name: 00b09d0100990bc6
camera_matrix:
  rows: 3
  cols: 3
  data: [1398.82, 0, 428.239, 0, 1399.03, 291.597, 0, 0, 1]
distortion_coefficients:
  rows: 1
  cols: 5
  data: [-0.212497, 0.299043, 0.00193409, 0.000384107, 0]
rectification_matrix:
  rows: 3
  cols: 3
  data: [1, 0, 0, 0, 1, 0, 0, 0, 1]
projection_matrix:
  rows: 3
  cols: 4
  data: [1398.82, 0, 428.239, 0, 0, 1399.03, 291.597, 0, 0, 0, 1, 0]
