image_width: 800
image_height: 600
camera_name: 00b09d0100990bb6
camera_matrix:
  rows: 3
  cols: 3
  data: [538.63, 0, 457.698, 0, 539.723, 297.003, 0, 0, 1]
distortion_coefficients:
  rows: 1
  cols: 5
  data: [-0.30678, 0.0825017, 0.0028784, -0.00015829, 0]
rectification_matrix:
  rows: 3
  cols: 3
  data: [1, 0, 0, 0, 1, 0, 0, 0, 1]
projection_matrix:
  rows: 3
  cols: 4
  data: [538.63, 0, 457.698, 0, 0, 539.723, 297.003, 0, 0, 0, 1, 0]
