image_width: 800
image_height: 600
camera_name: 00b09d0100990bb3
camera_matrix:
  rows: 3
  cols: 3
  data: [544.459, 0, 434.289, 0, 543.919, 306.666, 0, 0, 1]
distortion_coefficients:
  rows: 1
  cols: 5
  data: [-0.345887, 0.133465, 0.000802901, -0.00102155, 0]
rectification_matrix:
  rows: 3
  cols: 3
  data: [1, 0, 0, 0, 1, 0, 0, 0, 1]
projection_matrix:
  rows: 3
  cols: 4
  data: [544.459, 0, 434.289, 0, 0, 543.919, 306.666, 0, 0, 0, 1, 0]