calibration_date: Fri Aug 21 19:00:27 2009
ec_component: m3gripper_digit_ec_mg0_j0
ignore_bounds: 0
name: m3gripper_digit_mg0_j0
param:
  max_amp_temp: 200.0
  max_current: 0
  max_motor_temp: 150.0
  max_tq: 60.0
  min_tq: -60.0
  qdot_window_us: 10000
  qdotavg_window_us: 50000
  qdotdot_window_us: 100000
  qdotdotavg_window_us: 10000
  tqdot_window_us: 100000
  tqdotavg_window_us: 10000
calib:
  cb_amp_temp: [0.080500000000000002, -50]
  cb_current_a: [0, 0]
  cb_current_b: [0, 0]
  cb_inv_amp_temp: [12.422360248447205, 621.11801242236027]
  cb_inv_current_a: [0, 0]
  cb_inv_current_b: [0, 0]
  cb_inv_motor_temp: [12.422360248447205, 621.11801242236027]
  cb_inv_theta: [-11.377777777777778, 3861.0]
  cb_inv_torque: [4.1030077934265137, 2841.0669456066944]
  cb_motor_temp: [0.080500000000000002, -50]
  cb_theta: [-0.087890625, 339.345703125]
  cb_torque: [0.24372154474258423, -692.4292247003591]
  cb_tq_sign: 1.0
