chain_component: m3torso_mt3
links:
- Ixx: 0.038982059999999999
  Ixy: -4.3000000000000001e-07
  Ixz: -7.9090000000000003e-05
  Iyy: 0.02598195
  Iyz: -0.00023046000000000001
  Izz: 0.02305461
  a: 0.0
  alpha: 0.0
  cx: 0.00011773999999999999
  cy: 0.0038073400000000002
  cz: -0.05227532
  d: 0.167875
  joint_offset: 0
  m: 4.4109999999999996
- Ixx: 0.02596625
  Ixy: 0.00084615000000000005
  Ixz: 0.0015307299999999999
  Iyy: 0.054539509999999999
  Iyz: 0.0001126
  Izz: 0.039395630000000001
  a: 0.0
  alpha: -90.0
  cx: 0.046258880000000002
  cy: 0.0011785700000000001
  cz: -0.0029927600000000001
  d: 0.0
  joint_offset: 270.0
  m: 4.9340000000000002
- Ixx: 0.051810000000000002
  Ixy: 0.0027599999999999999
  Ixz: -1.0000000000000001e-05
  Iyy: 0.24779999999999999
  Iyz: 1.0000000000000001e-05
  Izz: 0.22181000000000001
  a: 0.13969999999999999
  alpha: 0
  cx: 0.13946
  cy: 0.00134
  cz: 0.0
  d: 0.0
  joint_offset: 0.0
  m: 8.4930000000000003
- a: 0.233738
  alpha: 0.0
  d: 0
  joint_offset: 0.0
  m: 0
name: m3dynamatics_bimanual_a2r2_mt3
ndof: 3
param:
  payload_com:
  - 0.0
  - 0.0
  - 0.0
  payload_inertia:
  - 0.0
  - 0.0
  - 0.0
  - 0.0
  - 0.0
  - 0.0
  payload_mass: 0.0
  use_accelerations: false
  use_velocities: false
